teleportStart1:(-10.58994,2.383225,-40.57667):(1,1,0,0.5)
teleportEnd1:(17.71187,0,-9.289225):(1,1,0,0.5)
teleportStart2:(10.6643,2.383224,-51.72374):(0,1,1,0.5)
teleportEnd2:(17.71187,0,-9.289225):(0,1,1,0.5)
teleportStart3:(31.91854,2.383224,-62.8708):(1,0,0,0.5)
teleportEnd3:(17.71187,0,-9.289225):(1,0,0,0.5)
teleportStart4:(55.51501,2.383225,-69.37752):(1,0,0,0.5)
teleportEnd4:(7.304238,0,18.61849):(1,0,0,0.5)
teleportStart5:(65.74413,2.383224,-42.0503):(1,0,0,0.5)
teleportEnd5:(5.5369,0,19.21829):(1,0,0,0.5)
teleportStart6:(72.3884,2.383224,-18.98836):(1,0,0,0.5)
teleportEnd6:(5.5369,0,19.21829):(1,0,0,0.5)
teleportStart7:(73.88235,2.383225,5.667955):(0,1,1,0.5)
teleportEnd7:(-16.91749,0,10.66764):(0,1,1,0.5)
